[=Clone Numbers=]
7358
1798
7342
7306
7384
1144
4604
8364
2133
4016
5393
1685
7524
2421
7436
3051
4975
5224
6019
2583
6503
8140
6092
8690
8672
5757
8778
4048
4918
8477
3772
3934
4894
4096
2119
9664
0947
5128
4729
1776
5683
6325
3825
9370
2794
9827
3395
0027
1466
1042
0505
9793
4014
2548
4064
1761
1853
1028
6445
8817
6455
1913
3755
1043
5695
4448
6989
3735
2054
3141
9705
9389
3954
4905
6701
3000
5511
8295
8892
5792
7660
3482
1419
6775
6592
1859
5134
5282
2372
1837
6447
6854
4093
4350
1580
6968
4471
3435
0204
8513
4044
4710
2187
7626
5539
0423
2612
4741
0659
8581
4112
1629
5095
0106
6029
8533
4692
7127
3073
2837
2171
7863
6719
4081
3983
3291
7036
1545
6392
6696
0358
0303
9394
7096
0830
6249
6129
4248
5709
0162
3562
2314
2812
1280
3757
9433
7123
7003
1623
0977
2478
6752
7612
1906
0522
2620
0620
5093
0959
6905
6503
2894
7087
3187
9779
6787
0743
9933
0908
9560
6442
2560
8559
5521
9752
4620
8224
4617
2648
2485
9233
7652
1553
7358
7218
0256
1865
5370
7732
3800
1443
4410
4902
8251
9518
6544
2021
2686
5118
6866
2641
4687
6842
1618
4328
8368
9541
4985
7076
5204
7132
8573
5676
3569
9030
4472
7927
9532
2094
1058
1947
9071
0944
8706
5239
2692
5786
5773
8902
2598
4759
3728
8883
8190
7602
4171
7788
3366
7445
1586
6008
1838
2891
0675
2799
0450
2651
6821
0398
8867
8309
9752
7924
2254
3801
8429
2379
8753
9616
0171
6926
8011
2097
3925
2517
6469
3825
5190
7704
6622
3666
8780
4650
9980
6429
7858
5891
2218
9161
4445
7443
3473
5979
3374
5483
7643
6020
5554
5518
4425
9659
0451
8654
2999
4586
2691
1240
8833
0409
9396
8560
8951
3987
8946
6118
8728
3814
1528
1016
9596
5613
9937
1946
7349
4671
0881
5538
6699
1497
7917
7689
7068
1957
3041
6740
6250
3257
8179
0859
8036
2888
0158
6625
2803
6217
9205
9549
7682
1426
4048
3923
3159
4567
6731
6523
4896
7369
9195
8622
5694
5781
5903
4969
7383
8348
0210
9648
3567
2801
6315
4592
5845
3412
7148
0003
5524
0394
9446
7651
5705
4450
0476
9480
2689
3541
0656
7906
3952
1887
0027
3161
7227
5592
3359
8062
6669
0969
9739
3703
5685
2340
8006
4816
5448
9152
1890
1917
3976
8838
0552
5613
2878
9890
5384
0379
5738
8178
5303
5232
2971
2036
9547
9375
6106
0777
6325
8110
8613
9188
2605
3456
7362
8073
6828
5857
1941
5959
0897
0248
3814
9792
9304
4242
7350
0844
3689
3946
3635
6783
3333
5409
3145
9526
6214
6052
2844
2606
2786
4605
3895
8227
7290
9639
7059
5810
3462
3689
6543
8145
7600
4022
7451
3378
2943
9030
4645
6487
5317
3424
6371
5289
6435
1892
1778
7227
3377
0212
6146
0138
8105
8757
6040
3107
3227
3099
0452
2351
8953
4117
8022
6829
5599
0783
5408
4235
1211
1055
9535
4709
6645
3176
9373
6768
9050
6721
3174
9149
1419
9624
9851
0163
6460
4685
1784
7696
8196
1236
7346
5579
4413
4175
3572
5148
5020
5369
5097
2860
0560
4964
3999
9851
5207
2989
9146
9572
6632
7431
9584
4869
6801
6716
2577
0479
3697
0752
6452
0429
1909
1343
1876
1722
3505
7660
5228
6973
8030
2902
4268
0158
0495
0589
4217
1464
1794
1533
6255
8131
7251
9746
5755
0608
9549
4533
6627
7321
5019
5404
0479
1156
8234
4874
1146
2919
8095
0293
3029
0265
7177
9364
8907
7360
1865
4710
1751
6383
0284
9012
5117
4955
5187
3053
6775
9707
0602
9811
3913
3379
6197
6816
2320
1717
6217
8087
4359
0619
9086
6126
3354
8413
9275
0035
4152
5505
7060
0237
4176
6161
3220
7895
2437
1818
1787
7193
1463
4833
3365
1512
5979
3434
6933
7699
5958
2790
6202
1586
8280
4486
5372
7026
1964
1958
4598
7916
5402
2354
3124
9537
4568
7908
5452
4392
5295
7537
8693
5631
3226
7518
7601
2168
3365
0723
6237
8576
7772
3401
2368
1998
1246
6468
7956
9661
9511
7755
9712
7965
4110
3800
1233
8112
1300
4717
3622
7021
1111
3976
8719
0742
4492
7408
2631
3782
7238
3605
9174
9711
0904
4063
3075
2233
5856
7036
7693
5125
6242
3015
6784
0391
0475
5489
5730
4549
4668
6516
2065
1781
0762
4303
0208
6755
2891
5250
9370
1549
8673
7997
3993
7249
6037
0450
1340
1825
0045
4924
4707
7726
6751
0593
2071
4202
1934
4322
7354
1685
0952
2381
7579
8548
5069
1720
7541
2502
8696
8143
3146
0401
7615
0818
1799
7958
3591
5152
2502
2049
5100
4892
8095
3936
9857
5458
3744
0432
2781
2716
6533
0903
9885
1355
4142
3195
1795
4139
6444
5557
1159
7523
3767
6209
6290
6070
6642
3804
7801
1138
1119
4590
7480
6822
0458
1429
0470
9936
9339
0111
4226
5535
2217
6231
1771
3882
4369
8622
6478
2239
4760
9862
9443
7987
7807
8450
2018
6609
6617
9140
5869
8554
8482
9813
6760
5131
6964
7040
0031
7069
9459
2641
0517
3775
2988
2454
3186
4106
0709
7165
9505
3090
7965
4757
1839
3268
6628
7981
8204
5009
8656
9694
0090
1687
2200
6787
0833
5947
9213
8424
5205
1421
3470
4726
0505
6928
6274
1673
0405
9941
3569
6614
5172
8466
2869
8107
3439
7951
9738
1232
2223
4603
6542
4639
2866
7045
2996
6962
9366
7923
5736
9388
9561
7751
4987
2431
6371
5220
6639
8342
8621
5762
4455
1504
6868
1846
0432
6582
2198
7974
7274
7757
0745
4027
7208
5431
1230
9366
0651
3081
9007
4815
4820
8926
0196
8650
2941
3171
4925
6482
3151
7130
5957
8812
4234
1698
9812
4097
8309
2161
5231
4733
3740
3160
3253
8152
7153
8242
8300
5327
5555
7122
6090
8614
9068
9334
8332
7272
7568
3513
4394
1082
8974
2529
3967
8721
4221
4339
6213
0748
6602
7033
4952
6812
5876
2067
1916
0563
5326
6107
9057
6469
5120
5101
2082
7496
9532
6086
8429
5835
1739
6953
5034
5512
8463
4464
3403
7855
7325
1613
8154
5130
0054
6480
5203
7930
0286
0807
1864
7993
5389
0729
8732
1603
9032
4366
2445
4344
1453
2285
5640
5131
8073
1321
8400
8926
7743
9223
0556
2047
8712
1364
1004
6599
0289
1609
2030
0812
6535
3922
2403
5448
0108
6797
9293
6209
2906
7394
0151
4739
7993
6722
5845
5984
1697
0914
4789
2025
4488
7725
7442
6268
7735
7346
6147
4888
3588
1841
6197
2203
2603
6014
3503
6499
8457
5336
5664
1942
5982
4152
7587
0509
1680
3893
8534
2411
6731
5385
2398
2601
6883
5098
1776
2296
6264
1695
3643
3892
1114
1753
3959
7224
4676
5265
6904
8560
7541
6476
4523
6984
9947
8296
1615
9080
8321
4024
9006
9618
4155
3533
6524
0242
1633
3374
4806
3107
0425
0567
6104
2301
2441
3559
7607
6745
4018
0433
7476
7016
8506
5372
5254
6301
8776
6976
1394
8173
4872
3826
3055
3650
8417
7514
3624
1100
2165
0039
3258
6462
1250
1155
1103
9839
9911
8629
1026
3807
4314
6107
1794
1266
6496
6950
7094
3333
8806
3565
3669
0748
5416
4714
7325
0506
7941
8114
3578
3917
0562
5674
8858
0477
7231
5076
6191
2444
2141
1176
4868
3223
0838
3701
5160
2247
4196
0961
1260
6329
3463
4891
9081
5910
4156
2897
2826
6034
5226
5636
7494
1191
8211
1039
2706
4742
6086
7949
2088
4112
0834
2514
6869
0704
2972
3413
3939
0197
3718
7736
6131
9757
6405
8891
7157
8355
5713
9188
1794
3753
1221
2799
1284
1944
9935
4295
0792
8011
0259
1216
9754
3975
6587
5585
2839
3531
3780
0860
6732
2117
6957
9983
4174
5537
2512
9766
6556
2744
9704
9297
4427
0172
4063
4669
3105
3758
8538
9537
9706
7097
9700
8973
9005
0683
7602
7528
4490
3960
8574
5801
2521
4537
2399
2311
9850
2875
5010
9202
2560
0261
4005
4373
8854
1857
9641
6492
4195
6548
3016
5330
4361
1198
3382
4687
8193
2673
3832
0348
6180
0725
6588
6387
9055
4086
3590
0078
2484
6885
5447
8272
3274
5390
9557
3636
5413
3636
5571
0098
8261
3517
2219
2064
2466
8069
9725
2497
8362
5814
7227
5811
5627
0925
8589
6849
3231
9100
4284
6340
6993
0802
6532
5571
7382
8666
5647
4647
0791
5637
3175
3592
5941
1479
3908
6927
5137
8454
5710
0944
9717
5810
6454
3585
2122
9626
9513
8820
1527
8179
1487
3999
8739
8774
2488
0285
7078
3736
9379
3054
0105
6281
3149
6586
5010
3085
0236
2550
6296
7418
1609
2737
5017
2772
1086
2733
4959
0334
2944
0898
7307
9254
0744
3853
0645
4256
7950
1944
8171
3487
3826
1343
3351
3431
9136
7150
2129
0576
5879
2729
8531
5364
1137
1019
7041
5325
6899
2647
9407
1848
1894
7251
2388
4685
5020
0645
9015
1703
6494
6164
9557
5337
5421
3941
8511
6494
2918
9446
5666
3423
0539
9899
7409
4227
6329
0018
7071
6578
2670
5666
8019
4687
0399
1821
8838
6719
4333
7721
8716
2782
3257
5684
4472
6546
5635
3388
8524
9380
3234
3243
8069
4502
3907
0312
4824
7587
7876
2347
0113
8674
8962
3824
3388
8447
6261
9762
5879
9108
9230
8258
5254
6141
3326
8186
1094
9143
6000
1407
4237
2493
3507
6306
4996
7899
9251
4631
4300
2980
6584
6800
3400
7890
3833
9880
9906
7402
3851
0735
7136
0178
4887
2219
8648
0850
6746
6158
4723
1032
7173
5153
3601
6113
6799
7832
5692
7905
6463
9834
8467
2242
8019
0113
1398
3557
0080
1133
9833
6285
7245
3343
7101
7554
5698
0893
1655
8492
4366
3686
4017
5467
7292
6733
7794
5263
0625
0019
4766
6123
6749
6275
0712
6737
6988
4427
0527
4233
1212
8597
1792
0610
2068
8251
1156
9262
3445
3575
8745
3443
2183
5749
0952
0020
6616
9787
4662
6753
2243
9610
3230
0446
4657
4888
2728
7338
5233
8593
3707
6582
6584
9416
9015
8364
8803
5038
1402
0715
0046
3158
1639
2921
5633
6517
9313
8533
9096
6036
9149
6767
0180
8052
5064
6814
6758
7107
2224
4574
7009
9662
8306
5558
0882
2164
1538
4042
7604
1555
3324
7840
7677
8988
0416
4621
5844
3635
3494
4901
1233
1185
0915
1476
2266
8281
0422
4319
2500
6402
9925
5239
6250
4518
1872
8088
8335
7250
0162
0340
9410
8234
2570
1228
8755
9199
2923
9933
7930
7594
1054
9041
6418
2358
5215
4041
3726
5567
8301
9725
4687
5878
6192
9474
7273
2942
9429
4458
2829
7188
6622
8289
3521
3764
9722
4327
4335
4365
7839
5746
0324
9370
5158
0856
6114
9098
8218
6932
1659
1213
3517
8427
5960
9144
3634
8835
5701
5207
2773
7254
9934
8801
7806
4330
0335
7828
0740
8339
4203
5465
4774
6103
9899
1067
7785
6882
9263
0352
3786
9201
7803
5726
5547
0231
0444
2742
2378
6946
7943
2202
4043
0278
7198
5343
7360
0536
2920
9437
9607
4841
8304
2689
6676
0261
2314
2618
2986
7754
1053
7004
7420
0978
7163
1816
8708
2023
3107
1876
7458
9131
4211
9331
0015
8665
6940
5154
5728
2453
6481
4208
3750
3221
8888
0402
6583
8770
4965
8744
0314
6003
9074
6957
4803
5175
6640
5156
3615
4313
1729
0126
1853
7712
0097
8487
7890
2382
0628
5980
8088
6250
6802
2534
8058
8412
9570
8406
3215
6561
0992
7372
4788
2604
1606
2716
9622
4995
5106
0761
3950
6397
6094
2341
1852
4155
5245
0404
3887
8524
8354
8584
6536
4054
3838
8865
3261
2994
3636
4273
8535
6966
1544
6114
7030
1142
5423
3799
2290
8945
1839
4653
4782
2043
1090
5490
0488
2616
6142
5284
7600
4346
7096
7328
2385
8064
2733
1684
5408
6920
4868
8110
9213
2249
5340
2980
3906
9690
5787
8861
2579
1924
4473
7882
6635
9442
3209
7739
0685
2086
9612
0120
6177
6587
3947
9609
4443
4068
9127
7438
9397
7405
8796
3126
4389
5021
1776
2874
5060
6955
8333
7114
7490
7365
0227
5433
7653
1114
9958
9345
6637
8606
2373
3174
3695
8455
4566
1678
3472
4972
1106
0028
8126
2397
7698
8149
0178
9075
8260
4738
7374
5565
9779
5626
1982
0370
6725
7466
4825
9990
3223
9601
5287
2031
6029
5677
5793
7807
2369
4554
1963
3745
8794
5440
9325
6377
9302
2882
0167
0185
7938
4174
7305
9712
1829
9211
9299
0772
1551
8979
6029
0503
0827
0273
8812
0882
9245
6626
0637
4648
5547
8666
0524
0722
5103
9377
9392
9531
6754
2910
3015
7426
2752
7554
3283
5189
4205
0577
0117
2161
3173
6841
1706
8626
8246
1958
9258
9461
0996
0416
7520
4328
3950
5394
1071
5237
0689
3016
7549
3893
6599
4615
0935
0095
9665
7344
6233
9836
3763
9664
6238
2940
5492
7084
7189
2212
2307
5943
9527
2437
3673
2937
4622
8662
3330
7236
0331
8179
6256
8407
8189
5273
8826
3587
5116
3871
5551
1189
6518
6769
1752
0888
6005
4867
8488
8109
9758
5249
6964
4411
5557
1290
1055
6089
2851
5464
9346
0261
7195
6273
5529
9339
6781
8556
7871
7989
2008
7509
9370
5182
3145
2569
0266
1539
0380
9393
9186
6381
6845
6042
4301
8076
4669
3823
5582
8113
0452
9763
0614
0807
6828
5878
9842
4874
8632
8519
8612
9764
8684
6870
2354
0676
4763
6161
2805
1145
3964
1688
8128
2797
7469
0603
0620
1609
1097
5740
9157
0796
5380
8542
8300
6107
9900
5197
1375
9718
1972
4730
7110
8169
1862
2416
8938
2001
2056
1548
3874
5608
7767
3602
1532
6613
0596
2800
9834
2615
1663
3190
9211
3317
1397
6737
2412
1333
5527
5178
8166
1896
4517
9990
8122
3247
2533
1120
7060
2362
3599
6749
1060
6130
9820
2661
9278
6589
2934
5092
8679
5042
6695
9684
5183
1753
0589
8388
6004
8211
5479
5154
5302
0760
7734
2595
0527
0191
2040
2916
1720
0839
0335
2149
0384
1849
6927
7201
4754
5994
3139
4249
4933
6637
8385
1055
2384
0440
0763
8176
5646
3933
6330
5057
9372
9904
3051
3179
3074
6408
1295
0847
0953
7852
4818
5115
0521
9257
5343
2470
5869
4913
6811
2887
6272
9078
5714
2775
3989
7424
7083
2521
8957
3636
2177
6443
7303
4150
3047
0807
6658
5748
5914
7155
5320
0491
2663
9697
6668
4781
3538
1486
4244
1696
7681
7219
3833
2496
3398
7769
6357
4181
0118
3407
8805
2571
3963
6729
8058
8256
6167
3025
5113
1322
9401
8677
3991
5070
4717
9475
8852
3601
9881
6707
8355
1017
0236
8625
7749
7214
6559
4772
7084
7478
9256
3870
0098
0316
7906
5202
1524
8775
5833
3183
5086
6846
1262
1626
7932
6481
1760
3179
3296
4855
5638
4762
4975
5602
4880
6652
3258
5362
6872
6871
0721
3345
5368
6157
7255
1723
0517
5344
1986
4195
9193
6262
8535
6699
8600
3845
8336
9959
7926
0010
0036
8745
6910
9784
5436
4820
5160
9804
3311
6302
4027
1352
3448
7523
9439
9537
2037
9296
2180
8776
2604
3002
1195
1931
9183
9849
2477
3699
7358
6895
2738
3477
8158
3903
2247
9138
4551
0193
6920
4204
6654
2460
1050
6805
7343
2280
5652
9563
4877
1462
7077
1992
1064
0511
3081
6752
0423
9724
0617
6339
6542
1172
3013
8645
3123
5276
4219
0277
4844
3912
8246
9497
3412
6897
5670
5292
2596
9126
8791
8598
4055
7276
9720
2547
9436
8877
7413
9915
9331
4632
8973
2314
7971
5738
0008
5271
9027
3787
3189
4746
7373
5020
7809
0922
2979
9624
4122
7014
6993
8362
7399
3038
8168
7398
5239
7685
3898
6417
3712
7488
2517
6334
8789
6903
2831
1419
0966
8498
1351
7774
2637
3015
6705
2015
6116
2173
0907
4847
4627
9348
6381
0812
9208
9551
4419
0981
6130
5267
3393
1806
4056
0185
3379
0351
9008
7512
9488
7756
7400
2281
1472
6725
7077
1652
9095
4517
1739
5854
4165
1206
6162
7908
2954
1810
4789
0864
2961
0557
4548
6396
7610
4933
3817
8672
7675
7934
7272
2056
9124
0867
4386
2967
4695
0358
2993
5399
6882
0492
3103
3398
4259
8024
1910
6172
6013
5570
1746
7475
0594
4460
0094
9950
5055
2851
5020
5616
5143
1278
5311
1461
9091
2207
2081
8015
8041
6535
9041
1814
6349
4794
7040
9867
2541
1883
3226
2185
6997
4975
4307
1390
6074
2168
5096
1461
3532
1247
1336
8763
5472
7741
5942
2790
6904
8821
3260
1996
9853
0723
5380
3975
9249
0071
9708
9127
1104
1988
6779
4290
0394
8386
2106
5548
1761
7878
2183
6979
7577
3974
7023
6850
8484
3416
1917
1673
7516
5755
6961
1458
8408
6360
4040
4260
1130
6593
0621
1175
3765
7360
5855
6598
1259
7746
8116
1692
0962
1396
6306
3886
7440
4094
8116
5125
5838
2364
4267
4056
9041
1358
0835
6490
5421
1959
0514
5058
2959
5025
9078
2405
1688
8366
1900
2606
8647
4637
7418
7998
9450
2026
7356
7438
5148
7871
0427
6856
5748
2518
3652
0710
9186
8522
6437
2590
3896
2287
8814
1597
5211
0470
4148
3597
3550
1144
9885
1636
4938
0176
0688
0017
6622
4557
4736
5665
9765
6929
6545
1570
1567
3592
1224
8122
1188
3358
7398
1328
5474
6990
1610
1780
3599
1545
4896
2211
5079
5124
1038
7976
5489
3921
9954
4266
6644
7719
7165
8715
9007
9949
3905
9784
3291
4129
8581
3596
0192
4877
1895
4343
7522
3387
9811
2741
7409
4265
9803
9593
0294
3909
7607
4803
9516
0819
6259
9317
5474
3554
4340
4687
9417
5755
4819
8583
0018
2019
2368
6773
7165
5423
5662
6369
4961
4984
7688
4600
3305
6509
6983
3528
4473
2635
7594
5985
9994
2806
4274
1904
8601
6496
7336
8408
5570
7375
7751
8175
6608
3901
7274
8739
9759
5785
0867
4623
0915
9382
6905
9978
7739
6002
6661
2473
0250
6695
1437
9391
5724
0140
8555
4267
1804
0702
2859
9989
3861
8959
3985
4735
6046
7706
3281
4938
6883
1318
2563
0136
5663
4604
6424
3812
4813
5818
1669
6504
6085
0313
1850
7686
2990
3378
3955
8919
9101
3300
6393
3131
7832
0149
2893
6777
2537
6771
8772
2731
1066
8430
7042
6084
5961
0515
6163
7906
4424
9209
4866
8555
4538
6569
4234
4375
8456
1346
5989
5736
7890
6048
6352
1699
3631
5364
5361
5644
4402
5800
9914
6793
8326
5283
9459
0211
8247
0321
1732
3229
2564
1213
3609
2879
5562
5646
0245
5554
0366
2415
0122
6885
4001
1104
5405
4169
2127
7088
0027
9710
0526
8498
4516
6573
6435
2798
4908
7639
7418
5693
7751
3937
7499
0744
5285
5389
1925
5442
9085
5045
8259
6077
9211
6869
7638
6499
9183
7370
4394
3241
4554
6978
8103
9389
3647
2445
9925
6543
2780
1836
7479
9323
3684
0705
6674
7339
8704
9561
4540
8385
3001
3620
2038
4338
0827
9213
6603
9125
9549
2094
1345
6252
5788
4539
9137
3413
8038
9111
9328
9282
9215
5089
9383
0802
5865
6510
9980
4638
6100
5911
9515
1515
2146
3201
5996
5398
3408
1408
6222
1829
2091
9445
4325
6126
0867
4193
6647
1531
5850
8683
5222
5748
4769
3095
7080
6589
2679
6954
0059
7851
4352
9213
2673
7497
8605
5509
5301
3186
2847
7489
2950
7803
2595
0134
8329
4767
1193
6677
1228
8035
2856
0819
2527
5161
1041
2178
5863
8052
7781
6452
9090
6247
4873
9952
1032
8009
9392
8576
4208
0496
9502
0550
6161
9901
5808
2259
3708
1032
7776
7495
9059
6966
8652
9800
2738
0745
6744
3973
5246
1641
1837
9142
9511
9139
9415
4559
8679
6230
2874
8746
9585
9265
3196
1232
8555
9396
3012
1611
9916
8636
2937
1695
3083
6266
6070
4730
6172
0267
6714
9791
1069
2737
0878
0949
8089
2792
4092
7870
0861
4640
4409
1103
0855
4518
1426
5544
5300
5263
0751
2760
4920
0347
2127
3351
1228
0911
8711
4613
5914
2992
7765
2835
5041
6082
0631
5660
2532
9661
7386
0730
4966
1880
1577
7472
3056
4855
9271
8686
9984
7549
5813
8354
0499
1214
0944
8273
9313
7469
7899
2126
0665
8559
6377
9894
6380
0150
2308
9559
4852
6848
5206
4830
0139
0526
1688
1020
9876
0757
2177
5548
0890
9152
5216
0677
5549
6637
0137
6380
6251
4005
5267
2269
5465
3120
3054
4744
2858
1789
5653
3764
2691
8966
6984
5828
4812
3725
4945
3420
1972
4434
8541
6896
9063
6805
2025
2450
5571
7135
0973
8561
9748
7103
4133
5989
2720
5329
7407
3868
6859
0694
6121
6051
2303
6684
2331
8823
2039
7692
4036
5611
8649
4089
4533
7037
5642
9059
6405
9202
9274
0897
0182
6599
7362
0537
4232
5635
3404
4040
1030
6865
9964
9924
7847
6094
1770
9183
8859
3214
0904
4661
9209
6087
5153
8455
7621
2430
8778
2795
7823
6460
1022
3442
7664
1503
2701
7598
2810
2860
6845
3232
8691
3833
9600
8322
5209
8459
3049
9535
8707
4559
5045
5173
4368
4890
9686
7454
1162
6523
2206
5425
7714
4617
5346
1977
0377
8924
2502
6807
0099
4067
4936
1395
4155
3030
5105
9668
7583
4055
9500
9283
4237
8000
1087
7818
0353
0963
6876
2303
5411
5686
4770
1652
6842
6672
8579
7971
2916
2935
9615
2066
7456
8974
0845
2058
5780
2003
4339
5569
8273
6815
1284
3917
0334
9961
4511
5336
0447
4423
3497
0099
8050
6996
3080
6481
3615
1576
3382
1681
6107
7014
8362
6226
0712
0784
6653
2861
0679
6667
5478
8119
3419
6637
2505
4385
2721
4045
0594
8879
1819
3226
4417
5025
7044
9114
6074
7952
6848
1892
2282
3002
8245
3203
4623
9732
5313
0692
5079
8500
1128
4303
6631
2985
9592
2588
0050
6481
6087
4529
3603
2150
5266
6218
8482
6612
1178
4190
9558
9800
3008
5127
3994
1905
8562
4406
4920
1036
0824
5528
7718
5851
9364
1693
6297
0552
7056
3523
8103
1660
0861
0697
0994
1681
0614
2867
6755
7984
7032
6812
8266
1580
3937
6562
3526
9522
5594
0119
2498
0218
2941
2526
6812
3227
0345
0551
7685
2860
4632
8802
3136
1256
7078
3004
7116
3071
3001
2224
3444
3286
3387
8924
2130
9731
0617
8530
7714
5273
2390
1414
6683
2243
2775
7492
1591
5123
7454
0112
7125
0365
7130
8382
9406
7358
8525
0596
9862
9677
3945
9340
4535
7529
5643
0811
0952
3714
7591
4800
6386
0321
8720
7598
4876
1577
8894
3729
3488
3351
7626
2034
3383
4577
6623
9987
7591
7963
3546
6691
9605
1246
7661
2050
2530
8995
5799
6346
4175
5309
0043
6957
9898
3172
6584
4714
5380
5848
5463
8959
9971
6004
9921
1618
6367
3252
2902
4271
3552
8854
7738
0321
3060
4450
5282
6641
3684
5050
2314
9338
6931
5983
3932
0808
9989
5060
1820
1103
8933
8214
3590
1921
5712
4005
8867
7521
5773
7324
4276
9425
8762
8592
8777
7515
4862
7216
6916
2366
2725
0878
2255
7080
1132
4896
7327
0884
9404
7690
6698
1605
1938
8825
5088
4662
2765
0661
5371
5005
7967
8977
1872
2460
6477
9075
4650
3659
0964
5633
2318
7683
9534
6412
2389
2991
7518
2622
4191
7607
5750
3065
9004
0016
6189
8297
0470
5973
1060
1245
3075
5834
5935
4671
7593
6875
2049
0245
9268
1513
1540
8260
7880
2227
7843
8111
4623
8440
0251
0718
2838
3083
9130
8349
3974
9939
3548
3150
0378
4909
7859
5605
0711
9585
2172
4964
4524
5551
7493
6961
1610
5955
7283
8397
6050
6984
5566
9570
1563
8835
2422
1940
3976
0819
9912
5876
6971
7538
8654
4254
6888
5404
6722
4381
8002
4522
3717
0133
5337
4506
9667
9425
9402
1516
1352
5977
2666
1317
3833
7967
0802
3233
8149
0158
4615
1902
7309
0963
5951
3802
2058
8311
3085
6094
6866
3576
1599
0123
6032
3605
6004
7373
8274
6568
7691
3594
3805
4709
5643
8257
5949
7104
5076
1944
5838
8351
0824
2953
6810
8280
8350
7152
9513
8681
1649
2669
9373
6730
5407
8819
8947
7182
9459
0096
7341
9206
1083
7414
6174
7695
0509
3798
5732
7055
9276
7660
4718
2517
1970
6798
8882
7753
3349
0723
5617
9679
1078
4034
6215
6496
8674
5779
1871
1476
1208
9081
2634
7652
5191
4632
5972
2335
9690
8267
3553
1063
7226
9025
2967
5304
4066
9424
8627
4595
7172
2131
6712
6321
5787
1879
3757
3360
1264
1432
0604
7558
9580
4985
4209
2356
3428
5343
4163
8389
3526
8376
9765
5236
5560
1880
1348
5025
0737
9652
6460
1899
1428
6573
6451
1303
2552
5870
2231
1573
0034
6904
6214
8380
2647
8402
1044
3271
5858
8950
7038
8660
5312
8411
3218
3462
7690
0937
7833
6451
5554
8821
1225
4856
0746
0878
8669
3109
1267
5493
6568
4347
8037
1726
1888
5081
0794
4893
5249
5921
5655
5366
2061
6801
9066
0385
4733
0865
5023
2976
9861
6420
2634
5640
9319
6573
4587
3748
0982
4370
4205
9760
5997
7682
3459
0285
0933
6055
1282
6849
0991
5782
2155
1040
6016
5826
8508
6958
9361
5969
9896
0003
3760
1693
7545
1305
6286
5698
2936
5151
5396
5830
3809
4416
7639
2764
6569
1596
8029
8039
5028
4056
7826
1323
1936
2521
6723
1412
1908
7458
4427
1768
2945
1232
3541
7062
4123
2275
3275
8463
7740
6222
1182
8954
6250
8813
2830
7287
6999
2279
2585
1381
9742
0022
2561
8978
9143
3515
6877
6646
3657
2664
3924
2406
8917
0358
8869
9219
4072
1449
8635
3450
8530
9260
0020
2357
6892
0563
7526
6792
1070
4079
4256
4980
9086
7304
5021
2141
5772
7007
9039
1559
8433
8469
3494
9599
9764
9554
8260
2886
7585
7185
1795
7779
6167
4051
9382
8240
5363
5251
3384
4448
8563
1397
6610
0730
8327
0104
0998
6910
3192
3635
1653
1435
1805
4120
9390
7833
2973
9344
2702
3081
2372
5774
6866
7370
8875
2743
5949
5999
9468
2636
4627
6012
1225
5131
1490
1693
9564
7396
1104
4554
0431
6673
2313
8055
9597
6582
3917
9256
4854
0126
1696
3924
8825
0493
9432
2278
7801
8542
5775
6037
1630
3237
5921
8732
0981
5051
4359
5843
5708
8905
3210
6982
9328
2919
2163
7933
2083
6458
5593
1256
8252
7199
3083
1852
3688
3192
8978
6864
4055
8319
7885
7581
8771
8481
7664
6055
1113
9382
1536
3957
8960
3494
2108
2705
9771
2224
2338
4288
4918
3146
9679
4736
7406
7756
1127
7127
6795
1166
3162
1138
0639
9323
3336
9548
1106
3905
9919
5359
9100
0658
7633
7253
0226
8156
4274
7638
3170
2534
9101
9282
4372
2601
9135
5427
7232
5717
8493
0878
2517
7878
7179
3283
6222
7990
2279
5387
3892
5174
1156
4153
9025
9638
9359
9380
6227
1280
1015
7935
8347
6420
9882
9583
2620
3008
8637
3883
9273
7997
2159
2957
7513
9983
0548
7816
3422
2327
7128
6012
7500
0591
1289
4708
9072
9670
3777
1980
8741
1621
7913
1624
5023
4204
0081
1989
5963
1059
9583
5798
0994
3485
6512
2456
7481
8156
6895
1194
0396
8256
6244
5763
5978
8962
9153
1731
6713
6693
3135
3498
9340
2049
1475
6640
7381
1342
0415
8999
1088
3525
3084
3943
0347
1674
9795
2428
7588
0292
8002
0130
0807
5473
6691
6537
3414
5827
8567
8830
3664
1334
7184
6678
9187
3045
3318
4291
4557
1538
2834
3878
8613
6418
8501
9829
3480
3889
0905
7979
5062
4888
5165
9026
0146
3547
4882
3296
9806
1447
9189
0980
2273
1691
8098
8917
4382
8486
2940
4517
6358
1570
6855
4227
0987
5038
1822
8093
6489
6767
1638
1710
1397
0742
4606
6575
5146
5334
6617
5092
7668
8708
4028
8426
5046
8303
6867
3311
1100
9100
5440
5508
7474
9568
6613
0898
6904
8679
2749
6312
4723
0467
0337
5775
5107
6607
1093
6149
8104
3838
1025
0665
6758
8740
9611
6314
8108
3299
6371
9440
4291
0409
8763
0474
7711
9523
6870
4700
9792
7633
0458
5654
8010
1853
9588
9209
8635
5760
6629
6083
4456
8914
9093
5177
4324
3848
0139
3268
8739
9031
7875
4503
9527
5649
7043
4813
9526
4462
9791
1843
3700
0767
1323
3327
9822
7119
5335
6587
1701
4323
6234
3833
6620
6630
1674
1200
9599
1053
9401
4598
7937
4342
8939
5889
1528
3182
3119
4011
1708
8983
3631
8081
9014
6600
1752
8237
2604
0722
0628
9065
3102
7262
3067
7911
1709
1036
3967
7959
4212
3320
1777
1799
4949
7592
1287
9047
1041
4303
1363
2501
4731
3923
5001
1933
2600
7165
7769
9883
4823
4810
2221
3148
8573
1860
0393
0551
2532
2091
5657
4531
5559
5904
2624
0127
4157
2850
3763
6628
1037
9455
8355
9340
4252
3859
5261
6017
7642
4525
2063
9184
5460
5398
3773
0662
7550
3222
0548
5373
3505
5168
9037
2065
5007
2651
1757
1960
0472
4924
5397
3804
1828
2440
5065
8804
5387
0241
9396
3819
6398
1927
2821
5194
9277
2436
1398
9545
1289
2382
6126
0281
1039
3967
2483
8657
1147
0259
1713
7894
1743
7663
2942
2881
1348
1677
9721
1819
3853
6711
6864
2709
8515
8320
1478
2417
8134
8455
4025
3384
0831
3415
5140
0776
3321
0501
6796
2689
8439
3287
0329
5736
4184
4342
1305
1861
0950
9894
4419
0281
3190
2587
8346
7513
4825
6294
4537
6826
4334
0671
1008
4245
4824
2187
5228
6662
4289
6111
5166
0772
0617
9271
4997
3319
7945
0924
2647
8417
9486
3426
7221
9677
3315
6579
3209
8290
4750
7851
9356
7238
1859
1355
9698
2162
8017
7875
3080
1887
1519
6950
7584
3729
9554
8614
8293
1721
0870
2066
9293
9736
5894
0075
8380
5015
4504
5668
4949
1217
7463
5287
5404
7287
5644
4238
0627
7144
6422
1958
5964
7665
1957
3440
4704
6317
7808
8799
5785
8147
5146
1409
1044
9107
1497
9347
9353
7591
4604
6199
7316
3545
5844
7981
9131
5920
1119
5416
9897
7839
1338
8533
8633
1566
3460
6688
4006
5743
3051
6968
7367
0670
1236
5486
3674
0466
6836
7596
6761
9800
8380
9969
3017
9543
6131
9043
9865
6252
8805
1165
7479
7403
8952
6637
2968
7027
7351
0538
9470
3887
2234
1197
1354
1616
4392
1628
6014
2106
7141
3978
8236
7569
8871
7145
8441
3967
3901
8961
7971
6610
8002
0395
9542
3701
2811
6487
9556
2894
1815
7836
0386
7790
6784
0492
5606
8353
2507
7220
9627
9967
8572
5602
2099
2805
2973
2864
6965
3384
4117
2375
4309
9544
7115
1498
0666
6557
8109
1853
9199
1046
3106
6709
5082
1469
7316
2144
7832
1115
5780
1542
4152
0168
7549
0986
8248
2736
7704
2799
1247
8100
1808
1854
6470
9379
9630
2926
1908
4861
9513
7413
3118
1062
6527
0708
9792
9842
0024
6939
3282
6627
6449
6164
2849
7367
4110
9466
8319
3824
6171
9680
5820
1369
9872
5293
8865
0042
2247
3964
2542
4958
2782
4530
5086
1267
3987
5273
6686
8655
2136
3941
6246
4656
3828
3202
5982
7767
3964
5627
0013
0486
1915
4140
6415
6983
9737
2008
6658
0323
4990
5802
1094
0607
8575
4946
6423
7766
2211
0998
3375
9937
3180
6385
0114
2833
7608
9978
8372
8779
0479
2665
6283
4079
2803
3615
5608
0193
4842
3962
3882
3199
8668
0450
7754
8014
9868
5937
6647
5460
1622
4396
5539
4216
0647
6741
9949
5049
7152
4541
0320
3001
5734
8560
2417
9698
2577
9536
5438
0938
8229
3656
1862
7694
3774
9411
3864
5491
2603
1841
7156
9384
4003
4521
3407
0065
2328
1131
1628
0210
8951
6976
2954
5343
9573
7757
9388
9480
6620
5127
1280
3944
6294
7553
0697
6394
7810
9723
4010
8385
8867
5493
0724
4229
3269
9763
7454
0144
7937
8850
8736
4673
7479
0854
4021
3371
9823
2430
2193
1706
9012
8181
5862
3290
9790
6836
6146
5827
6365
6029
6053
0417
4357
6221
3008
4370
9833
2330
1672
9582
0182
9256
4660
2747
0124
0512
1303
3109
2714
8853
1953
1668
3729
2815
3519
6928
6784
4588
6417
7452
1391
0827
3646
4178
3369
0021
6268
1723
7950
6534
6362
1077
2393
7531
0713
8821
2517
9920
8463
9032
4982
1468
6245
5938
4510
2938
2628
2684
1522
4834
0291
8330
6016
6046
4234
8555
1055
5667
5593
6525
7438
9683
2438
0800
7083
3670
6446
3783
8079
1361
6558
0203
8537
0832
2118
2277
6698
9879
4270
7290
2216
0691
7051
4195
8204
2559
5428
2585
7431
1569
8654
6643
9416
9264
0204
8981
4668
4798
9660
2563
3672
4274
1743
0958
3531
5652
6546
5493
6710
2783
3699
1682
1097
8180
0499
5751
8886
5138
1196
8890
0582
1222
0333
2389
2127
2329
2902
2053
1340
7293
5390
7896
1984
4715
3883
5169
9711
4589
0397
3962
0719
5553
7985
7687
7398
1261
9931
8489
4576
4338
8341
6822
3497
4397
2875
8551
9737
7864
6032
0206
7574
3888
3132
3431
6650
3785
5694
6720
0920
8798
0090
0268
5806
6221
4348
8917
5980
2727
7038
4918
3560
4418
0167
3550
8897
7124
7337
0212
4921
3270
9256
9679
0899
2427
9973
3898
9001
6367
2653
0223
4939
7154
9772
5877
1661
1086
4195
3981
8449
5678
2841
6249
8654
0352
9782
2639
4998
1478
5285
2529
6619
1042
8109
8297
1164
8390
7698
2969
2087
4024
3896
8278
3608
7519
7926
8923
4659
6854
0974
2713
7996
5702
7770
0618
4152
5646
7710
1592
0968
6646
7255
4567
5042
8090
2316
6639
4364
1344
3568
6241
5500
1346
6403
5498
4744
3891
5874
7791
0169
2207
0921
9830
7555
1681
1750
1213
5187
1958
8801
4671
8499
1619
6848
8615
1032
5786
3298
5841
0650
8508
3940
5586
2130
1160
1772
0684
0555
2618
6288
8565
1006
0468
8744
5767
0924
6465
9656
5062
3407
5564
1056
8300
0087
4284
9055
8910
4779
7174
5840
0768
5763
1959
8639
5995
8592
2741
7378
0192
9507
8843
0867
9108
2807
3097
1073
1222
7887
3291
0292
6010
1366
1618
0102
5546
1201
2362
5512
5418
0466
3807
6289
7917
6123
4259
5349
8523
7196
2123
9662
4947
7647
5025
4492
4939
2681
8014
3027
4118
4639
1319
1364
0818
9401
9202
2395
9751
7156
4127
0478
8846
1235
4231
2868
4833
8213
5016
5035
0450
6459
1081
3448
4865
0867
3109
3219
4070
5265
2906
8028
2471
2701
3321
7448
7770
5361
1125
5877
4392
5909
9288
4242
1747
9014
3752
7549
0552
8370
5777
6206
7414
2625
0902
9908
2920
9408
2394
4109
0407
1815
5752
9152
4271
0407
1833
5229
2893
0966
3886
5943
0781
2496
1046
1146
6774
7886
2619
0746
7886
9026
8371
6526
5549
3329
5642
0481
9205
1769
2144
0011
2679
4858
4592
1830
7071
7848
2424
1221
9144
2333
1663
5837
0854
0726
3904
3367
9206
9102
7099
6413
1206
7807
9484
8135
7475
8529
5431
0858
1997
3382
8032
4687
3544
4980
3822
4491
9176
9148
0688
2277
4036
6520
1120
9411
4472
5672
7867
2323
8236
2285
8991
8797
4845
9067
0003
5680
5563
2505
4391
3425
9686
9011
3093
0008
7625
1347
4652
2479
1397
5008
9789
8611
7837
2426
1695
6070
7354
4607
4747
2575
2766
3255
4197
3174
2778
4092
3428
8556
3928
1885
6882
1234
2253
1338
3295
9392
2831
5507
6333
4587
0299
5073
6200
8323
4973
5091
3864
2630
2477
6889
6041
5308
1572
6947
3859
3870
8534
3733
4946
3600
0692
4656
0818
5726
6766
2735
0397
8929
9480
9152
7203
7884
2659
2595
3104
2218
3353
1680
6696
1888
5074
7355
5003
7152
2854
4887
3064
3039
0334
8908
1576
3249
6931
1553
2382
8124
8049
3763
8642
8934
7214
7741
3546
2685
6941
2031
5553
8907
5987
1238
8619
6915
3037
5714
3552
2959
8222
4078
6817
9087
7843
4978
7867
7441
9242
7116
0537
2516
2773
2989
0194
0063
3430
7055
5009
7751
6940
5499
4810
9356
5679
4657
2891
8488
5221
8901
1219
2549
7287
9964
6699
2097
1091
8871
5570
4943
4598
5514
8261
9862
6153
2083
4055
9697
3498
4207
7976
0211
9317
2325
5568
7066
6514
4657
9822
9503
6218
9321
5070
8437
1868
1261
7740
9184
5709
8522
0537
0299
6894
5849
7386
2759
2677
9804
5079
1967
0344
5495
3075
2858
8093
7273
8142
8631
0539
8962
6003
1816
7918
0169
6948
0982
7157
1244
3898
6599
6121
1788
5275
5861
9627
3155
7230
8091
7380
6394
0498
3454
7761
6501
4519
6576
0314
1412
0050
0376
9962
7861
5241
0709
8754
1019
1148
1933
6677
5433
5170
9222
6458
4231
1227
2820
1628
5433
4412
1453
6393
9434
2799
9807
3807
4072
7438
9138
0532
4664
7283
2011
4635
1002
8585
3958
0830
2192
2796
1353
3763
9273
1346
3253
7730
9813
0944
5887
8868
8548
5187
3103
5119
8619
2055
9507
6172
5726
2109
2648
5519
9270
6545
3366
3960
3901
0049
4573
4369
6787
8962
8527
5872
4634
5602
7437
5391
8314
0139
8028
6614
9153
7378
4649
0228
2121
6431
8229
3137
0097
1091
3388
7745
7682
7957
2358
3425
0205
3499
5821
1235
0511
4707
6010
4936
8541
8126
9934
8756
6177
4774
3502
1775
5383
4953
6574
9856
2657
9674
2983
7538
1799
6517
9520
1414
4221
9183
2047
3310
5234
4299
7047
1498
1784
1993
3755
1031
0298
9920
9353
1629
4769
3719
0332
0925
3680
7748
3960
2382
7408
4013
4337
9599
8478
3128
9536
2200
2565
4073
4273
0108
3666
5776
1389
7001
7190
7015
7396
2683
8101
2849
9922
8400
5775
8085
1888
9386
7662
0825
6230
4241
0925
0537
9737
8408
0427
5504
1003
6162
5072
0694
7713
6973
7002
4541
2331
7803
2422
3156
8859
1106
9816
9433
2745
8943
7521
0014
0129
4683
1891
4685
8905
5482
1472
8734
0065
7165
6685
5602
2591
9644
6036
0819
3168
9706
5160
6111
6181
6357
5576
8269
6278
8961
1791
7269
6924
6304
6545
9798
0128
7249
0855
8659
9504
5611
3543
2303
3908
4826
3491
5352
7112
8188
6661
9556
3518
5144
6368
3784
5783
1976
7764
0359
7050
8544
4489
9829
2578
9628
4025
6485
2788
4916
9404
7571
6820
0384
9986
5426
8669
2654
0981
9667
5835
2436
2790
2587
6513
3180
6397
2878
3678
0600
4868
9415
8317
1123
3545
8492
8256
6689
7713
1014
8645
8974
9601
7675
9326
8831
8646
9715
4551
2541
1678
2363
1392
7591
2172
6267
0857
2369
8510
5318
6239
4798
9538
9674
4704
3603
2598
5197
4757
8183
5646
0016
5258
4028
8840
5836
8288
3141
7147
4734
1813
3483
6197
7573
4125
9556
4520
5337
1494
9141
6417
3831
1984
4464
4037
9812
6276
1628
5726
8105
3669
3940
4286
3064
4569
3636
9949
5166
7018
1762
1277
9129
1492
4712
9217
9042
3908
1155
8902
0444
2915
6416
0976
6366
4957
4326
6663
5842
7216
4270
7241
5732
0608
7400
9024
8848
3430
5707
8514
7421
4328
8763
5938
2087
0662
1264
1063
2876
6300
3570
6305
5717
0296
4724
6856
2452
6136
2732
3279
0281
8789
0640
2674
1801
8868
8561
0705
9205
9422
2366
2770
7608
2921
4620
4328
2816
2913
4074
7446
9336
1199
3547
9339
5991
3293
4661
3166
9097
2367
1925
5586
2128
5027
7014
9585
5245
4887
5339
6559
1491
2564
3171
6860
6239
9050
0597
0818
1068
5791
0622
7904
8159
1450
9517
7975
0325
5051
5431
3316
7734
1200
3161
9200
2610
2142
3005
3754
5692
9156
1899
9002
2557
8634
4321
6747
8537
2347
0536
1249
9810
5425
6001
5571
9208
1488
6252
3199
0595
0955
9564
5611
6259
4573
5379
7574
4764
2463
8314
7246
1038
8677
8660
0838
7175
3263
9654
3308
5283
3194
3540
5863
2069
0642
3475
2970
2363
9604
8762
9916
0923
1875
1502
0372
1139
7829
6494
9600
2753
9137
2231
8708
7985
9413
1282
3029
0490
0429
7200
1153
3972
5898
4724
9189
6667
2565
3242
0834
5340
8079
5585
0042
2925
1571
4732
3740
1314
8520
0731
6241
3600
8092
5006
7346
6820
5142
5314
9822
9683
7194
3785
2738
1420
3586
5052
8655
9173
5515
0754
5069
6764
6085
5296
5188
1194
6311
0219
0377
4680
6378
1547
9965
7165
8615
1167
0869
1836
5634
2035
3280
9587
8020
7953
4988
2728
0777
1956
4648
2274
7446
3611
8786
9254
4778
1203
8299
2687
1524
4572
2725
0893
5013
8500
9688
7059
5355
5383
5526
8498
3878
7712
5162
7019
3278
9407
5551
3620
9903
6350
3890
1614
5489
9074
0497
5599
7945
5283
0446
8255
0696
9427
5756
8065
7590
2463
1821
7674
2605
5660
2842
5897
9843
4072
8772
9385
1221
3837
1790
1716
7787
8772
1045
5536
1585
2614
9220
3741
8831
0704
4297
4807
7372
4109
8113
4781
7333
3050
8681
1339
9411
0735
3947
9761
2170
6599
0398
0349
2713
7233
3184
5105
5665
2424
1945
6901
8923
6604
6605
8187
1768
1502
8707
9110
7203
8692
0692
9406
8695
9319
4237
4946
3567
2271
7771
2337
6428
9038
0473
2211
7775
3458
1585
8625
1383
1020
8326
3307
5288
4805
9873
7989
5997
5620
7255
6860
0697
2270
8020
0512
9142
7527
4898
5863
7913
0514
6065
1052
8608
0600
2468
3852
2713
5942
3113
5923
4023
5933
7543
2783
5201
7409
4346
8953
6124
4396
9537
6798
5050
9188
8085
6410
9765
5554
9744
7587
2748
0835
8913
9226
2628
2723
1380
9465
7093
3789
2002
1982
9949
7093
4823
0107
5756
5125
4106
2280
5060
3193
1825
8822
2032
3054
1985
3388
4748
2134
2739
4726
4624
6020
1282
5029
8931
3946
4377
0179
0528
0286
0679
4648
2921
5485
4447
3508
7037
0982
1884
3919
2774
7675
6562
1253
5427
1170
4944
7418
6331
4100
8258
4686
0272
0450
1505
9693
8018
7664
8091
9036
1393
6459
0277
2471
9020
0865
9854
1140
3769
5939
0803
0370
9436
8199
9330
8376
9780
2397
4616
5195
6261
8243
7154
3564
2645
8455
6509
3429
4775
4549
8768
0587
1944
5105
2153
9520
5455
2544
9051
9193
7700
3818
9144
8124
5805
7312
8414
1094
8786
4796
0812
5401
1762
5229
2600
2237
7900
1835
7741
1061
3253
6296
1169
9783
1595
3646
0991
1628
2371
8270
0422
4372
7499
0374
0689
6525
3467
5453
2796
3530
6184
8549
6785
9900
4837
6637
3947
8857
5072
9588
6958
4632
0479
2103
3652
7047
2188
7048
8016
7130
7121
0280
9417
8941
6068
3352
2816
9672
7550
2114
7885
2084
2234
3346
4805
7409
4481
8332
8707
9111
9900
3114
8044
6034
7640
1516
5701
3946
3426
7579
1349
3456
2392
5561
7930
5077
5323
3877
1333
4968
4189
8363
8190
8526
0386
6696
9519
8087
1367
7493
8940
6149
2918
1309
1426
3424
9867
3843
5686
6458
2664
3437
7632
2266
8224
8479
8151
8295
6515
3103
1105
6588
2740
9056
4435
5487
7750
5187
3762
7652
0011
6431
9077
1661
2290
9392
4967
6325
4309
6424
6644
0425
1332
2218
0932
3082
9761
2045
6359
6723
4462
8539
5111
9791
6486
7336
8396
5806
9321
2618
1792
8161
2095
5136
7094
1930
7693
3254
2236
8383
3122
5823
7104
2239
3121
4478
7971
7280
8464
7693
1497
8685
5232
2547
3503
3189
8232
7896
3552
2995
5300
8268
1765
9791
3669
0101
0121
6254
0495
8007
2108
6010
5846
5973
1846
3092
7288
7251
5874
1242
5214
1672
9379
6171
3600
6075
7911
6642
3784
3634
7752
4938
3405
0445
3539
7429
9123
6675
5375
0509
3897
8636
2573
1385
5881
8793
1068
3066
7390
4547
0372
2682
7356
2541
9183
5286
6696
1797
5458
2470
8989
0054
2978
0046
0991
6433
8007
1769
3221
0281
4217
7888
3857
8762
1505
6528
8768
1417
9018
5972
6131
3474
4942
6002
7324
8253
0592
7686
3447
9809
1271
2052
3588
6072
4143
6517
5703
6966
1599
3432
9385
1780
8017
6846
4453
2052
0678
5250
9807
1368
2329
7184
4771
1523
9930
5141
2873
8185
5058
6102
6260
3866
7318
8587
2371
6683
0133
6244
5486
0512
1874
8223
6700
4360
7106
4485
1676
7307
8293
4091
8087
8246
4378
7171
4078
4700
1614
1467
2500
4891
8621
3663
0636
9306
1357
9106
7047
2171
0072
7614
0787
5920
7205
2385
8042
2993
8252
1254
1979
7370
7878
2049
2615
8973
3425
6562
2503
0364
0602
3645
4485
0805
8937
6984
8009
8658
0404
0453
3687
0723
7226
6765
5092
3620
7215
0566
5534
9093
6484
4395
9606
0292
1749
7713
7763
5515
6920
9319
9486
3231
2409
2042
8152
6977
2552
4440
1880
0607
2467
6181
1647
6135
6480
3680
5852
3897
0191
9943
7310
9325
7170
1363
5332
5699
1941
6446
1746
8073
4157
1129
6571
5709
7585
7467
1131
0466
0187
9776
0026
7943
0413
8516
5584
6703
0652
1257
0392
6118
7865
5531
0537
3312
7640
1093
6622
2047
8432
3997
2645
6860
8571
3975
5415
9575
5562
6887
9710
5560
6107
9597
9122
3810
8303
4345
1352
2215
1986
6156
0189
8768
7547
9174
1818
1300
5815
0614
4110
3775
3437
7553
8236
7155
8893
2497
4877
9419
0695
4675
2169
2471
7734
7784
1611
0726
7929
4353
5382
6544
6287
7577
6319
4785
7674
5957
7586
1509
3598
6869
9270
5985
0010
0165
8756
8115
9182
4477
2185
0865
0169
3939
3084
8664
2941
2423
3334
2781
6724
4279
5734
7045
0961
2892
3241
5692
1443
2974
7965
0418
5030
6161
6027
1715
8358
1051
7812
7823
0245
5523
1345
5722
5630
8164
3422
1576
5305
7623
3436
1759
5224
5190
1980
5987
9100
1321
1828
5214
9974
3101
5906
7176
9565
8971
5029
1509
6179
1600
7141
8228
5627
5009
3422
5743
5180
4698
7438
4431
5274
0713
1599
2971
8450
9811
0138
6809
1966
5322
9018
7699
3252
8431
8586
1659
4095
1097
5769
4794
8231
6955
5069
5384
0953
5165
5948
4984
9959
2633
4622
9305
3403
5688
9512
1483
9491
7570
6211
1708
4802
9250
0901
2740
8656
7926
0412
3158
9934
1623
7053
0128
9073
0468
4321
5996
6933
9231
1609
4705
9228
1192
3038
0074
8426
2693
0791
3011
6701
4460
8377
9333
0109
3999
6606
6967
1663
4739
5195
7509
9737
3472
8353
3402
6116
2723
1534
7537
0234
7865
6622
5688
9043
5702
0372
2935
5377
8901
1174
1142
5487
6864
6580
2462
1609
1772
1760
5829
7826
5461
0430
1500
0736
2889
9614
6097
0725
8242
7448
4131
6684
0406
0940
6438
4862
2448
6422
6015
0978
8883
1862
2290
9896
9389
6020
4701
7185
6574
2034
4681
7337
7567
4350
9978
7276
1546
3744
6329
1174
2019
4141
7559
1902
3804
4718
2949
7245
9748
8217
1922
1195
2121
7132
6943
5567
5531
1987
8229
7606
0609
6148
2435
1585
3031
9649
9724
4328
3820
8806
4501
8527
9862
6464
1929
4571
2833
4669
0387
9861
4449
0346
9636
6344
5899
9734
0369
0397
9871
9673
6823
7612
0181
2094
5940
8961
8247
8965
2397
1292
8077
1669
9126
9839
5654
8367
0746
7150
0977
8981
7900
6376
4798
9119
7644
0113
1271
8151
4173
1632
8876
8582
2282
8264
3094
2563
0713
6865
9048
6563
5774
1368
2858
8012
5408
8383
6312
0970
7745
5026
7597
7692
5574
4749
4378
1249
6246
9270
1085
9987
9666
2609
4083
2709
2694
6435
8442
6535
1234
0778
6866
9920
1141
4428
6900
9988
0950
9874
0021
4878
9217
8658
7086
3839
8173
6204
7097
5089
9884
2710
4822
8172
1790
1425
5208
0760
7901
9358
6840
6433
8120
0530
2471
8633
4805
6189
8173
2748
9971
7905
9385
4722
3913
2681
6945
0905
4128
7054
3437
8785
3423
1625
8479
1430
2759
6963
9794
5390
6295
8512
2074
6779
0182
6329
0977
1374
8809
7502
8006
3626
0110
4790
2599
3485
4765
0819
2023
2176
5073
3519
9602
6215
0696
0195
6741
1186
2840
5254
9393
2541
1543
4001
2970
4286
7758
1333
0238
9660
3041
5381
6269
2765
9079
8161
1924
8739
8314
4956
0294
6107
5844
5049
5662
3983
7373
0633
6050
4652
8206
4375
6559
5644
3887
4912
0276
1418
2909
6254
7111
3260
0413
3575
0134
2518
0158
7265
8941
1103
0006
2646
9944
3509
8182
2791
6186
4766
2707
0521
5295
1315
4665
4158
7723
1184
2149
4343
1117
9877
8417
3921
1188
1240
0489
2885
5879
4588
7932
6759
4163
5030
1727
4703
7093
4635
3860
1378
5933
9303
0391
7308
1399
0183
1442
2711
3026
6908
3577
2289
5623
7376
5360
6856
2960
9821
2342
8595
2878
0704
2174
8185
7008
4836
2913
6485
4037
3916
4060
0687
1147
6697
8521
5185
5323
3754
4906
0097
3817
3416
1874
0081
8578
0595
6742
9799
2090
5754
4992
4291
0322
8479
7385
0828
0735
0484
7100
7684
6044
1367
9958
5063
5809
2200
7051
2023
8612
3484
4838
3641
8839
6837
6456
4171
2699
0099
2015
2423
2216
6174
8706
8587
7110
2816
4355
6747
7685
5586
4407
5555
1686
2868
1590
5807
9956
5742
0404
8423
6247
6174
9748
0581
8131
5321
9588
9074
1841
0718
2300
7404
9395
1816
2466
8484
9621
3751
5219
6676
8645
5816
7408
4985
8732
9017
2284
9423
1910
6651
9869
3015
4838
2724
5560
4739
3953
1963
5092
4168
8058
4705
5518
7748
8713
3292
5576
2033
1710
1466
6114
8743
0896
7543
3262
1559
5034
0329
9426
5554
0876
6245
5525
4901
3551
9451
4849
3223
7282
5652
0997
3762
5377
4397
3145
6619
9218
0736
4904
7271
0815
8871
2088
3101
7516
2668
9831
6742
7750
8187
1083
1303
8566
4598
9976
7401
1957
9018
8778
9951
0499
4852
8199
8212
8413
1652
3293
6389
5411
5207
6386
2436
8966
6060
2143
1641
6187
9958
2391
6079
6636
5547
6338
1912
3280
4767
7899
2558
3582
7384
5897
1726
8513
3970
4249
4913
7075
8690
5863
4047
8447
2848
7965
1673
0120
2490
9715
8435
4600
3357
6369
9388
3621
0480
5512
7510
8640
7383
9587
7065
4427
1745
5890
2549
8149
7825
2362
0818
0755
4336
9148
8626
7324
4858
7131
6685
5598
3227
3147
5243
1269
8581
2197
1698
3348
3182
6864
4181
6196
7743
5958
9297
9099
9237
0216
0700
6221
2619
3876
9251
0505
0773
7978
5185
6535
2168
2165
5557
1047
3658
9488
1155
9904
7922
4067
8369
2266
9873
1211
7021
2777
5846
3295
8814
9412
3876
0854
4662
7210
3986
5763
4997
2409
5585
2473
0039
0504
6495
7240
2933
3832
8102
8810
4059
8360
9402
1524
5299
9595
2062
4548
5366
9269
3657
3883
6336
4405
5767
3006
5366
6799
3474
3914
7949
9390
6134
8238
4640
8490
5719
1255
9310
7067
5827
1160
8666
2880
6136
4859
2241
5578
0766
7045
2762
4529
7731
0433
5726
7388
0261
9468
0558
2365
3786
8759
1933
7278
0015
1120
3951
9986
6771
6165
9791
3995
4742
0894
7621
4512
1851
3374
0193
5071
7029
3711
2127
3931
1293
1195
6394
4961
7645
2713
9513
1406
7460
2005
8144
9436
6006
6638
0825
4516
6991
3794
7984
2783
4305
5369
5650
7795
0870
5383
0101
6043
0618
3915
1422
3275
8132
9113
1861
3477
5282
9314
7383
9429
1076
4480
2049
4745
8796
5035
7159
7602
8141
2557
0386
2299
7983
7514
2697
9742
8158
5932
3520
4928
6738
6165
7972
1458
7995
3722
9401
2525
8296
6478
5776
2881
4826
4940
1877
2545
0623
0214
6918
1112
4183
7406
9001
5170
8468
6633
3178
1151
7350
9317
0505
1071
5576
6256
5188
8827
1317
2991
7490
1920
7286
3038
3157
6383
6808
5856
1098
3172
9862
0262
2017
5185
7542
7126
4580
1951
4683
2341
4270
5116
4465
9591
4525
5034
0877
7293
9440
7796
2715
0459
1228
3646
6180
5880
9116
4464
6890
3243
1891
7174
9242
4279
1296
4296
8350
5945
8037
3590
0211
2250
8654
7516
6539
2830
7160
4032
9379
1696
2389
9335
7607
5696
1932
5990
1471
5837
0968
3589
0191
1251
0280
5820
8552
5441
8271
1230
2052
8889
7250
4319
5854
1217
6254
4959
1259
3147
1666
0521
4911
6339
9194
9525
8022
4663
1762
7665
9020
0466
9727
4985
3507
4259
5921
1535
5753
7951
0220
9420
2219
4714
8379
4507
4366
9536
5190
0417
0291
6760
4628
9620
5854
2697
4939
1934
4211
4584
6152
8281
9702
4922
3899
1540
5078
6279
6415
3617
0118
1518
3551
8916
2891
2120
7726
7023
6968
9319
4933
1601
5712
6036
6714
3810
7350
0279
5648
2122
5738
4699
7953
4858
4972
2770
3868
1067
6565
5542
3144
5898
0525
8565
1384
7524
1764
9199
1155
8205
4624
0748
9402
6818
8759
0584
6813
1440
7257
2009
2551
5343
7019
2172
5091
9287
8828
3533
7472
8868
3032
1129
6879
0067
5542
7816
1738
5986
3067
3186
0006
6990
5569
3723
7081
0554
3676
7074
8694
6082
3863
3226
7479
2049
3888
0051
0160
7436
2485
5394
9193
2668
5768
2194
4554
0275
5234
3080
0816
9380
3682
0692
4455
2768
6150
3143
2656
6788
7720
4387
2589
3862
7649
0061
4381
7726
9974
9903
6742
7389
9903
8683
9602
2240
8053
2964
8002
3161
5051
1644
5260
4639
8983
5950
7339
8622
5732
3469
6435
2712
7245
8139
0380
6411
0389
0776
5405
7587
5513
8892
8288
5644
6639
3677
2105
5955
8218
5930
3271
8479
1677
2675
4496
8259
0720
3327
5740
1966
8663
9731
7051
1151
0167
0041
6595
3139
9596
4204
1105
7308
0346
0944
5774
7385
4124
0997
2054
5070
5649
0625
1734
6070
5737
3208
2665
6561
3875
9405
1602
5928
8727
1423
4743
4262
0417
8254
1175
2202
5369
4382
1255
9622
3281
0603
9079
4779
0356
5728
8291
1647
6875
0331
9550
4664
1287
2593
1768
9255
1373
3013
4099
1408
3188
4605
0669
2109
4980
1005
7825
3283
3024
2360
0841
7231
6401
0973
0713
9597
9981
2506
9451
4243
3565
8783
8487
2871
8021
7819
2812
0920
2038
7280
6493
8914
0470
2808
7608
6965
4089
7226
8944
8487
1397
4186
1065
4398
2995
6517
9947
9785
3533
4168
3725
8870
2487
3314
2090
9769
1164
8705
2516
5502
0085
3494
3851
0799
6672
9179
5597
1163
7222
4991
3244
6368
5379
5873
2564
3404
5943
8332
4666
4969
2694
5762
4942
6193
2785
3487
7736
5692
8420
0972
5854
8511
5947
5607
8675
3380
7390
4507
7793
3033
8923
7717
4074
5452
0154
4667
7437
1724
1689
8341
5335
6876
6898
1232
1528
9271
7521
6746
0359
9353
9971
8803
6119
3501
9152
5804
4684
7114
3350
8750
4725
7851
6530
0995
1582
1665
2960
8289
9850
8081
2345
6645
8601
9877
9274
1413
0956
5137
6603
9830
1193
5254
5459
0114
2182
7084
3417
1943
5709
4491
2776
1324
6022
8105
0335
9867
6084
0472
3197
9980
7599
3093
8268
7440
2339
1961
5599
7976
6918
4079
2144
7086
6218
5374
1471
3526
7653
6851
5396
9493
8529
8917
1019
6883
2184
7914
8565
3258
7683
0830
0849
8855
3728
7933
7161
6153
4096
7522
5696
5315
0504
6686
9352
0772
7929
2768
4248
1024
7823
6596
2140
9528
6433
0918
9534
8696
8391
7528
6487
4320
1963
8447
0100
3967
7617
7809
6835
2027
7309
8785
3775
2172
9172
5625
4106
9697
4452
4073
7269
0114
9366
4180
6170
7191
6668
5752
2299
8094
9785
1218
4625
2961
3274
4085
8848
9813
8814
3371
9601
6746
8282
5174
3805
1243
6347
5469
8643
4839
1621
0173
7881
6457
7546
0266
3035
2343
9497
5549
2756
7573
8920
3603
9785
7634
4243
2099
6411
1134
2873
7605
5700
8031
7635
0075
2257
3777
3530
0487
3259
7248
4354
1654
7034
7242
3331
8295
9985
9647
8354
5628
7622
2321
2788
3929
4000
9846
3326
6123
7276
3149
4594
4998
5671
6679
4478
0588
8273
3289
2823
2072
9747
8386
5384
8134
9323
8660
9836
1800
2609
4050
4188
2144
2449
5377
7152
1886
8052
4726
5805
1870
5544
7316
2597
7218
2202
4544
3703
2971
7374
2906
7484
3519
7214
7108
9314
4263
0588
3318
0882
4244
5243
7462
0692
3805
8778
1822
2875
7476
9099
2755
7534
4547
4082
0986
9123
5645
9918
8391
4057
4735
6407
2863
5474
7342
1940
6891
6476
5831
2904
2858
4124
8030
3441
4367
8965
6347
1281
7050
8949
4642
2504
7475
3766
6097
5086
9639
3878
2324
8532
2887
4190
0066
7568
7473
8752
9856
6059
7872
4965
3879
6229
5863
4668
8447
0574
2194
5282
2822
9768
2276
5159
9453
4712
9705
4208
2068
7933
3221
6317
6901
5034
2152
4805
2953
9321
6471
4391
3189
8357
7856
0313
1015
2435
7017
5403
0677
4314
0835
9245
6458
0786
1394
1432
2176
9942
5471
5023
0804
8070
5989
5765
6783
4961
9808
8080
6641
6718
6636
5825
2074
9474
6807
4590
8376
9682
3603
9425
8374
3838
6747
6031
2812
5465
9877
5731
4669
9504
1596
2907
0160
4440
1389
2489
2469
3153
9410
2876
9806
4095
4643
3353
6880
7902
8329
3890
2554
6807
4037
1570
1487
9457
8205
3121
5986
4054
9514
2509
6847
8813
5592
3949
5515
3042
1983
3630
9113
3913
3290
7323
3517
7809
1504
1507
5128
6798
2265
1500
0355
2472
9450
7093
4040
6626
0068
2968
5407
4080
3358
7480
8233
9086
3354
7388
6848
2694
8076
9660
6568
2864
8343
4661
8954
8244
3152
8203
1208
3685
9571
8533
3155
2342
6737
3511
4983
0736
6940
9603
4306
3286
2702
8480
9221
2442
2630
7633
0926
2946
7698
1915
1541
5820
5260
6625
0116
2324
3598
5997
3208
2481
9426
6578
4677
9212
4130
2002
1447
0117
3867
5752
9851
3029
5712
5825
4424
6838
9203
1368
0250
9303
4071
0184
1626
9583
9098
7641
2979
7535
4994
0909
2578
8928
4454
9058
9445
8143
9565
2346
3230
9926
0018
4574
4547
6297
6244
4340
8800
8500
1287
9130
6522
3171
5221
8261
1858
5536
6057
4068
3246
1935
5087
4920
5856
0255
4753
2989
0873
5102
7272
0093
1144
4393
1184
9246
9682
0559
8002
6017
7280
9789
0013
9593
2128
3917
7961
3428
9923
5805
7577
6454
4823
0110
8576
2605
0201
0547
3129
4467
5426
5986
3758
7069
8726
8076
1402
0723
3244
4422
5629
7717
8363
5230
4358
2920
1824
8614
8593
8285
2574
7220
0937
2786
6910
6669
9297
6130
2311
3442
0457
0695
4050
6934
2776
4730
0546
3242
0452
9796
5397
1642
3919
8312
4620
5223
7770
7639
6658
7507
9421
1323
2067
8428
9580
8540
1782
7636
3569
1267
1400
4894
5680
3401
9443
1115
1264
3834
6965
7668
4899
0994
0264
2204
0028
9065
1059
4093
7389
8218
0620
3132
4801
7447
5963
7682
2132
1234
2844
0710
1635
0991
2977
9758
9572
6539
3002
6737
9473
2843
5534
7589
7354
6109
5098
5814
0046
1767
2583
0114
8688
7003
9967
0380
4104
7220
6619
8789
9615
6497
3655
8240
7784
4802
1064
9021
0651
0396
5254
5859
1870
6204
0268
8468
3297
8111
6734
0068
9841
1897
8314
6248
3953
4410
5776
4423
2004
4037
2636
1479
2671
9081
9154
1587
8674
4733
1943
4772
8016
2830
0946
7742
5212
7914
3383
0213
2423
7849
6848
1057
8905
5456
9492
9733
9784
2833
5853
8921
7189
6491
8718
3001
2470
6344
1201
4219
4283
4493
0663
2721
2442
3764
1351
1038
6218
1133
1320
8461
2176
4821
9847
2261
8396
4300
5686
8796
9494
7622
4761
5709
4950
2620
9013
2747
0972
7498
3652
2185
6656
4289
3357
2243
3438
3025
6271
8824
1639
3831
3206
2830
2717
8234
7337
3808
2505
9394
8637
4292
5671
1504
3724
5460
7467
0901
1730
3848
0247
7446
8006
0619
4660
1186
7845
8550
9600
8978
6723
3865
7040
5315
8101
0160
4908
3880
8097
3388
8115
4242
0643
3878
4405
5924
5454
2020
7307
2175
6962
4392
3261
7871
9452
1282
2870
3796
7916
5950
3441
0855
2381
9635
3845
1408
0536
6305
6447
8239
4263
3496
9907
1277
6358
0482
0438
2254
8773
8179
5835
7278
8682
4435
3108
3586
3037
8710
3013
6568
1892
2064
1902
4057
7663
9939
7945
4424
3362
0333
6698
1699
2594
5340
9667
9119
6989
1349
4830
5351
7313
6703
4885
9744
2792
2669
5169
9064
8213
2647
2742
5914
3368
3205
6189
4634
6482
5552
2785
8441
8715
0813
3445
0679
8695
7340
5183
6341
4729
3520
8798
7888
8766
7357
3252
4713
0245
9602
7870
5258
8621
5558
4983
7343
1938
7613
2985
7200
7880
9780
7187
3947
5615
1496
7846
4521
1964
0284
8124
3970
1867
6762
0928
1293
4771
0460
9528
4063
0177
3640
9419
8553
9841
6229
1951
6473
1804
9968
2363
3809
6734
0780
5842
9494
3601
3903
5336
5173
1221
1464
3960
8500
9040
6789
3368
5023
4642
5941
6984
6049
8202
3475
0514
6509
9893
8086
5668
7343
6966
3890
7347
0215
2361
3212
3165
5688
0949
9674
6035
7476
5780
7651
2675
7464
9492
3117
6104
1109
2578
3283
8910
7162
2438
2521
2703
5446
8403
3365
3357
5933
0919
5646
4114
6573
6082
2824
6187
0362
2794
3257
9941
9136
3285
2426
6403
0010
7505
5661
3681
9869
8107
4014
0477
2994
5910
4709
4590
3162
7860
2696
0355
5620
5865
0278
4231
4134
9075
8442
5470
9864
1315
3798
0643
6594
9411
7179
0004
8881
9243
3464
4289
9302
8635
9513
5549
8589
8501
4308
0574
6560
3223
9434
1549
6711
5609
0781
5753
2556
2127
8575
0803
7295
0713
9475
0105
9234
4342
3946
2148
6375
2628
8748
4581
9300
6497
4804
6713
4265
8199
0959
4318
4832
8071
8051
1092
2037
3364
8234
7162
8365
1585
7093
2287
3987
2637
8731
4094
1740
2293
6482
9774
5785
7620
1998
6739
6239
6940
1007
8567
4292
2977
0510
0300
1398
2934
4647
0568
4849
0921
4092
0685
5024
2446
7876
2000
6345
9221
9061
0267
7496
5330
3150
2989
2881
0969
3227
4065
6253
9148
0634
9408
2367
7153
1800
6269
3691
0890
3852
0496
3191
1508
7259
2859
4274
6129
7402
5333
8312
5701
9530
5923
0177
9489
4106
0736
7161
9668
3104
1467
2517
7649
8601
5824
1726
7952
0490
3566
7277
1685
4504
5109
4329
8536
9053
7561
3753
1267
0747
3078
8175
7644
0289
6485
5003
9165
4192
1895
9308
2391
2635
7770
4987
3149
7957
2463
6717
2769
3972
7816
4452
9413
1606
9205
2622
3107
8731
1707
0625
8824
4809
9196
0266
8333
6959
3064
3455
7633
7074
3427
6081
4771
5768
9418
8231
3468
7160
5279
2575
1625
0725
1351
9484
2592
4320
3769
7130
1370
6584
1997
6179
0720
1555
4030
6294
1614
7027
9740
8768
6417
9027
4935
1807
7089
8105
0955
9465
5420
7937
5373
9942
6588
5658
6599
7936
7828
4097
9254
9621
0485
3653
6236
3705
4114
4828
3611
0644
1182
1157
7982
1621
3145
0828
2967
4045
8441
1536
3441
4129
4891
5375
5794
5394
4522
9677
5821
1429
9223
8964
4742
8147
3275
4982
8665
9677
7905
0672
2678
8741
1687
2933
0903
2871
3687
3665
1272
1715
0110
2195
3364
8913
2497
1155
0911
2066
5797
2678
3014
2752
9135
9243
6206
4568
9070
4176
1676
8935
3906
2242
3248
4000
5033
7660
2301
3833
3437
3199
6704
5028
8445
5920
6864
3107
1410
0753
6856
2821
1179
2097
6022
3710
8822
2852
2594
4668
0984
6441
9533
4955
0108
2936
4924
5887
3005
5152
6874
3729
7027
8918
5537
6173
2556
5636
9773
7153
0470
0314
3985
9840
9396
5666
7624
7879
4969
8796
5740
1037
4566
8394
4383
1141
4489
3007
6553
2459
2617
2637
7605
5575
9056
0730
7280
5315
1335
1644
5266
1956
4197
9142
6917
1667
1573
6520
0481
1502
1809
5612
8414
1246
2208
2696
0011
6210
8708
2448
2793
4707
4302
6285
2080
6584
5652
2409
5251
8134
5292
4500
2090
2369
7176
9214
8446
6466
9960
2594
7355
6398
3998
7018
3757
3450
1751
6135
0332
2951
1235
1571
8796
3333
6073
7842
6407
5169
6639
3890
6912
2343
5252
9101
1867
8186
7261
5617
0123
2198
2542
4115
6267
8560
2653
7817
5996
9564
7864
6099
9179
8200
9198
1932
4177
7984
4019
8057
2176
3746
7659
2313
1426
0843
4143
5524
2802
7141
5147
2692
5515
4707
0852
9151
4505
6039
4161
6361
6264
8046
8617
3780
2465
6347
1186
1789
5397
5933
6591
3613
3343
8893
0553
8769
3127
9690
3475
9443
4249
6091
7224
8322
2803
4015
3148
8793
8103
1805
7129
2706
8404
3882
9454
0170
0842
7090
3913
0920
1451
0231
0626
6482
9238
7759
0142
8511
5614
3943
3789
6519
7858
8290
1968
3819
2323
2483
2914
0439
0205
2307
4734
3503
5509
5771
6492
1940
5029
4050
7867
9792
9596
1189
2885
9023
4405
0555
5371
7102
2595
8894
9929
0341
0983
8733
2595
3698
6238
4623
0148
4748
7310
1891
9414
7455
1398
7693
6093
8558
8595
5376
9819
2720
6816
6427
1284
5623
4794
4193
4374
4808
9904
0071
8751
6344
0658
0547
7347
5225
8297
7381
3464
5656
5315
1978
4718
7439
6123
8756
5334
6648
6602
6728
8815
3708
1110
3655
1403
4678
3975
7480
8561
5825
9159
5929
4612
8406
0896
9353
9272
2183
3232
8539
2868
0044
2800
9586
1570
1943
8745
1871
5119
6191
9153
7489
8505
6721
2416
8990
7077
6665
8054
2765
1360
2546
3903
9534
2127
2051
9211
0867
7009
7862
5636
0884
3830
7159
7090
6205
4188
9592
6914
6150
7571
7564
2406
8386
5527
6051
2100
4142
5702
1099
6019
0281
6916
0665
7111
5842
7989
9466
3298
4413
4965
7081
2140
1092
3325
5469
8059
1526
1465
7318
1481
3138
0613
4207
2691
7378
2228
1671
4184
4230
4721
5419
3026
2186
1550
3052
7962
3385
3556
7154
8960
4136
0178
2927
3638
9236
8284
6221
5485
6333
2817
4497
9943
5913
4751
2677
7010
3289
3399
0543
4570
6435
9027
0941
3498
2813
0478
9012
6688
9392
6355
7078
2314
1570
9856
8024
7058
8026
3106
3088
1973
0417
2605
6625
8092
2726
4224
0108
6361
9369
2296
5445
4690
2389
6328
9750
4542
5378
8933
1881
5520
9740
7821
5794
8706
3607
1718
6611
5041
3216
3997
3411
9752
3577
3216
3027
2260
7143
3613
6147
9565
0621
0935
3445
1377
5614
6785
3428
8112
6557
4408
5316
7918
3191
6502
2189
3590
8646
6517
6207
0362
5150
2617
0730
5473
6528
5770
9563
0060
2364
7043
7558
1325
1987
2068
1857
1272
5449
4477
5207
6990
5832
8720
8908
3451
0749
9728
4123
9651
5524
0134
6102
7324
0157
5008
8604
0426
7863
3411
5555
3621
6644
5337
2582
6129
5287
3735
7647
7659
1056
0540
0117
3993
0870
7997
0344
3123
2910
9487
8628
1234
7379
8818
1099
6514
4097
2201
6278
2658
2199
8413
7889
7151
8402
8182
7534
1725
2998
9304
8433
0386
2970
9159
8448
6409
4965
6974
3042
8384
1884
7015
4667
0663
8542
9923
8698
1444
6853
1240
6085
1839
0823
8343
3128
4858
4156
5576
2724
6033
7806
0722
7598
4205
6897
0014
0047
0780
4642
5702
7642
3661
0302
4149
7659
5976
6007
0526
4389
5621
3631
9191
7461
8903
6502
1269
3535
5835
7915
6584
3505
1536
1179
1055
4867
9196
7822
5956
4252
3742
9355
0390
4149
0650
6132
5097
0736
0686
5352
2212
7975
7276
1134
2061
4525
5695
0384
3191
5237
0328
9255
4120
0697
6146
4159
2686
2558
2357
4452
7832
2771
9797
2983
9433
4628
8888
0628
6500
1153
3700
3232
9354
0704
2481
3698
5925
0496
3931
6862
0195
9790
9971
8926
3413
8923
1969
2537
7603
1251
6057
0388
1465
5077
2114
9710
7616
3913
9373
2446
6157
7326
6748
3174
7028
4027
1213
1758
6552
9849
8542
8853
5204
5117
2706
0820
0173
0142
8997
5623
1958
5935
9943
2742
5994
6773
1203
7860
0936
4750
3370
5421
2700
6975
4099
7041
1654
6595
8937
1052
0249
8045
9074
4342
4217
5541
5057
8928
2436
8354
2045
9516
2965
0696
5316
2979
1153
1424
8705
8070
1395
4760
7965
8724
8345
7554
1772
8560
6828
2048
4270
7351
0656
1041
4935
2300
1082
0021
5576
5742
6990
9480
1182
8561
5569
4086
4237
5277
8290
5446
4472
1662
6177
6676
1785
0625
3854
3743
8911
4980
3424
4716
9918
5247
3307
6848
7211
2003
5429
0059
4756
3047
5871
4220
9532
4333
3441
5194
1115
3030
7224
8551
6565
6563
5991
6548
6924
7045
4718
4974
9823
0775
9613
8165
0728
9681
0090
5681
2774
0238
1630
7855
9221
9393
5955
1166
2458
0237
1933
8847
4142
7012
4707
7497
6957
6218
7617
3981
5274
3463
7508
4261
3780
0327
6992
5121
1033
3328
4658
1740
3241
0810
0571
8328
2687
8022
0725
3462
3773
3830
9743
7337
9529
0405
0722
3981
3624
7357
7717
3799
2330
2450
5005
5590
1978
0646
9951
8150
3635
3523
4401
1324
0776
7352
4044
3805
8633
1164
2280
0146
7163
2914
0463
7226
2251
1625
8318
1145
9920
9949
5645
3623
9960
2094
4741
4134
7114
1480
6996
8501
4219
1057
7571
5562
4068
9862
5300
0020
8786
9392
3535
2146
4429
5326
9253
6926
3579
7595
7065
2906
1198
3424
7046
2595
8347
5440
4854
0482
5336
7182
8485
1780
3136
2563
4247
3524
5217
1891
0173
9178
7698
2715
1948
4182
8644
0882
9839
0581
3801
4594
8837
3532
4004
1715
8915
4604
8765
6890
8126
1608
0024
1767
9007
7145
0126
8053
1566
1654
0306
9564
7261
0728
0610
4112
4035
0611
8987
9908
0793
7815
1574
5505
8243
4662
4891
7395
9096
3708
6247
0674
9442
2068
8464
8630
2815
2695
7209
8937
2986
0807
4644
2658
3372
8559
4003
9269
8616
1591
8628
8392
9104
1644
1472
6290
4979
2223
8760
8875
1772
6519
8854
6455
3960
7715
5885
8030
0343
6870
1440
8266
0283
9628
6029
5323
0623
8512
8978
0308
9443
1925
6259
9906
8235
8704
1619
0624
9796
3183
2220
3724
3348
3544
2963
6441
9889
1831
7241
5561
5593
8519
9304
4258
1138
5129
2479
9729
6066
5032
4022
5542
9952
8047
1752
1196
2473
6158
6471
5603
6428
4428
1369
9482
2961
6682
8120
0365
1524
6084
8423
5575
9740
5967
0750
2702
8009
3506
6270
4550
9317
1123
7623
6133
4684
9036
0798
0256
4825
7280
4660
0179
7928
3177
2908
3853
5678
8856
8432
2854
7746
2904
0684
1920
9047
3241
2500
0569
7768
1656
4223
4717
3811
9883
3326
1099
4728
5183
3820
5559
0964
6115
9987
1628
3072
4970
5295
6030
8491
6498
6227
9189
3084
3735
2932
1412
1485
3425
2092
6869
0142
8717
8551
5361
9009
4553
8068
0288
5232
4239
0372
9892
7955
4269
5809
9365
8633
7498
0824
6313
9429
6213
5579
1142
3040
3537
9445
8421
4025
3660
5818
1500
5690
2027
2545
7070
5442
1375
1965
2557
5084
7662
9366
2498
1011
8608
6096
1175
0865
9453
8545
5429
1314
6425
4095
5133
4174
7336
8457
1294
9559
6724
6335
2426
2600
1217
0525
8982
4571
1476
5135
0147
7785
2435
6249
0590
8852
9508
1992
5155
4901
9980
2786
0716
9671
5753
3742
7795
2063
2329
6255
0969
0960
0797
9203
6547
6288
7001
1353
5968
3962
0402
1793
1925
7412
6023
4007
4185
2614
5973
5974
3398
4984
3159
9588
2911
8435
6345
0658
2543
0092
9275
1959
4899
8396
2257
6773
8171
3194
0829
1032
6936
7888
0065
0143
8515
4594
5072
4793
0517
4140
0746
7392
1979
5090
0495
9921
7525
4348
5962
9096
8760
6998
4078
2808
1391
3201
3544
5482
3805
8494
9241
8861
6601
8024
8567
8917
4679
4544
5679
1864
3945
8738
9985
0362
9174
8653
3697
7567
5960
4869
8091
2580
6509
6064
2816
2983
7019
7875
7641
6339
